0111111011111111111111111111111111110111011010000100000
0000000010100010000011000000000010000000000000000000010
0110110010000000000000000000000000000000000000000000010
0000000011010011001001110100000111000000000000000000010
0010000010101010100101000100100011110111100010000000010
0000110011100000000000000000000001000001000000000000010
0000000000000000000000000000000000100100100000000000010
0000000000000000000000000000000000000000000000000000000
0100000011100000000000000000000000000000000000000000010
0110110011100010100000000000000000110111100000000100010
0110011010111010110010000010000000100111100000000100010
0110000010000000000000000000000000110111100000000100010
0000000000000000000000000000000000000000000000000010000
0000000000000000000000000000000000000000000000000001000
0111110010010010110000000000000000111111100000000101010
0110110010000010000000000000000000111111100000000100010
0111100010000000000011000000000000110111100000000100010
0110000000000010000000000000000000110111100010000100110
0110010010000010000000000000000000111111100000000100010
0110000010000000000000000000000000110111100000000100010
0110000010000010110010000000000000110111100000000100010
0000000000000000000000000000000000000000011111011000101
0000000000000000000000000000000000000000001111011000100
0000000000000000000000000000000000000000011111011000101
0000000000000000000000000000000000000000011111011000101
0110000010000010000000000000000000000000000000000000010
0000010010000000100010000000000000100000000000000100010
0010000000010000100000000000000000000000000000000000010
0000000000000000000000000000000000010101000000000100010
0010000010000000000000000000000000000000000000000000010
0000000000000000000000000000000000000000000000000000010
0110000010000000000000000000000000000001000000000000010
0110110010000000000001000000000000000111100000000000010
0110110010000000000000000000000000000000000000000000010
0110010010000000000000000000000000000000000000000000010
0100000000000000000000000000000000000000000000000000010
0110000010000000000000000000000000000000000000000000010
0110100010000000000000000000000000010000000000000000010
0000000000000000000000000001000000000000011011011000000
0110010010000000000000000000000000000000000000000000010
0110000000000000000000000000000000010000000000000000010
0110000010000000000000000000000000000000000000000000010
0110000010000000000000000000000000000000000000000000010
0110000010000000000000001000000000000000000000000000010
0110010010000000010000000000000000000000000000000000010
0100100000000000000000000000000000100111000000000000010
0000000000000000000000000000000000000000000000000000000
0000000000000000000000000000000000000000011111001000001
0110010010000000000000000000000000100001000000000000010
0110000010000000000000000000000000111111100000001001010
0000000000000000000000000000000000000000011111011000100
0000000000000000000000000000000000000000011111011000100
0000000000000000000000000000000000000001001000000000010
0000000000000000000000000000000000000000000000000000000
0000000000000000000000000000000000000000011111011000000
